6.002	2.422
6.008	2.344
6.014	2.344
6.017	2.422
6.019	2.500
6.020	2.422
6.020	2.500
6.021	2.500
6.022	2.500
6.022	2.500
6.022	2.500
6.022	2.422
6.022	2.500
6.022	2.422
6.022	2.422
6.022	2.422
6.023	2.422
6.023	2.500
6.023	2.500
6.023	2.500
6.023	2.500
6.024	2.500
6.023	2.500
6.024	2.500
6.023	2.500
6.023	2.500
6.023	2.500
6.023	2.500
6.023	2.500
6.024	2.422
6.024	2.500
6.023	2.500
6.023	2.500
6.024	2.578
6.024	2.422
6.023	2.578
6.023	2.578
6.023	2.656
6.023	2.656
6.023	2.656
6.024	2.578
6.024	2.578
6.024	2.578
6.023	2.656
6.023	2.578
6.024	2.578
6.023	2.656
6.023	2.578
6.023	2.578
6.023	2.656
6.023	2.578
6.023	2.656
6.023	2.578
6.023	2.578
6.023	2.656
6.023	2.656
6.023	2.578
6.023	2.578
6.022	2.656
6.023	2.578
6.023	2.656
6.023	2.656
6.022	2.656
6.023	2.734
6.022	2.656
6.022	2.656
6.023	2.578
6.023	2.734
6.023	2.734
6.023	2.656
6.023	2.656
6.022	2.656
6.023	2.656
6.022	2.656
6.022	2.734
6.023	2.734
6.023	2.812
6.022	2.734
6.022	2.734
6.023	2.734
6.023	2.812
6.022	2.734
6.022	2.734
6.022	2.812
6.022	2.734
6.023	2.812
6.022	2.734
6.023	2.734
6.021	2.734
6.022	2.812
6.022	2.734
6.022	2.734
6.022	2.812
6.022	2.734
6.022	2.891
6.022	2.812
6.022	2.812
6.022	2.812
6.022	2.812
6.022	2.891
6.022	2.891
6.022	2.812
6.022	2.812
6.023	2.891
6.022	2.812
6.023	2.812
6.021	2.891
6.022	2.891
6.022	2.812
6.022	2.891
6.021	2.891
6.022	2.812
6.022	2.891
6.022	2.812
6.022	2.891
6.021	2.891
6.022	2.812
6.022	2.891
6.021	2.891
6.022	2.969
6.022	2.891
6.022	2.891
6.022	2.969
6.022	2.969
6.022	2.891
6.022	2.891
6.021	2.891
6.022	2.891
6.022	2.891
6.023	2.891
6.021	2.969
6.022	2.891
6.022	2.969
6.022	2.969
6.022	2.969
6.022	2.891
6.022	2.969
6.022	2.891
6.022	2.969
6.022	2.969
6.023	2.969
6.023	2.891
6.023	3.047
6.022	3.047
6.023	3.047
6.023	3.047
6.023	3.047
6.023	2.969
6.023	2.969
6.023	2.969
6.023	2.969
6.022	2.969
6.022	2.969
6.021	2.969
6.022	2.969
6.023	3.047
6.023	3.047
6.023	3.125
6.023	3.047
6.023	3.047
6.023	3.125
6.023	3.047
6.023	3.125
6.022	3.047
6.023	3.047
6.023	3.047
6.023	3.125
6.022	3.203
6.023	3.125
6.022	3.203
6.023	3.203
6.024	3.125
6.023	3.125
6.023	3.125
6.023	3.125
6.023	3.125
6.023	3.125
6.023	3.125
6.023	3.125
6.024	3.125
6.022	3.203
6.023	3.125
6.023	3.125
6.022	3.125
6.023	3.203
6.024	3.203
6.023	3.203
6.023	3.281
6.023	3.281
6.023	3.203
6.022	3.203
6.022	3.203
6.023	3.203
6.022	3.203
6.023	3.203
6.024	3.203
6.023	3.203
6.024	3.203
6.023	3.203
6.022	3.203
6.023	3.203
6.022	3.203
6.023	3.281
6.022	3.203
6.022	3.281
6.022	3.281
6.022	3.281
6.022	3.281
6.022	3.281
6.022	3.281
6.022	3.281
6.023	3.281
6.022	3.359
6.023	3.281
6.023	3.281
6.023	3.281
6.022	3.359
6.022	3.281
6.022	3.281
6.022	3.281
6.022	3.359
6.023	3.359
6.022	3.359
6.022	3.437
6.022	3.359
6.022	3.359
6.022	3.359
6.022	3.359
6.022	3.359
6.022	3.359
6.022	3.359
6.022	3.359
6.022	3.359
6.022	3.359
6.021	3.359
6.022	3.437
6.022	3.359
6.022	3.437
6.021	3.437
6.021	3.516
6.021	3.437
6.022	3.437
6.022	3.437
6.021	3.437
6.021	3.437
6.021	3.516
6.021	3.437
6.022	3.437
6.021	3.437
6.021	3.437
6.021	3.437
6.022	3.437
6.022	3.437
6.022	3.437
6.021	3.437
6.021	3.437
6.021	3.516
6.020	3.437
6.021	3.516
6.021	3.516
6.021	3.594
6.021	3.516
6.021	3.516
6.021	3.516
6.021	3.516
6.022	3.516
6.021	3.516
6.022	3.516
6.022	3.516
6.021	3.516
6.022	3.516
6.021	3.516
6.022	3.516
6.022	3.516
6.022	3.516
6.022	3.594
6.022	3.594
6.022	3.594
6.022	3.594
6.021	3.594
6.022	3.594
6.022	3.594
6.022	3.594
6.022	3.594
6.022	3.594
6.022	3.594
6.021	3.594
6.022	3.672
6.022	3.594
6.022	3.594
6.022	3.594
6.022	3.594
6.022	3.594
6.022	3.594
6.021	3.594
6.022	3.672
6.022	3.672
6.022	3.672
6.022	3.594
6.022	3.672
6.022	3.672
6.022	3.672
6.023	3.672
6.022	3.672
6.023	3.672
6.022	3.672
6.022	3.672
6.023	3.672
6.022	3.672
6.023	3.750
6.022	3.672
6.021	3.750
6.022	3.672
6.023	3.750
6.023	3.750
6.022	3.750
6.023	3.750
6.022	3.750
6.023	3.750
6.023	3.750
6.023	3.750
6.023	3.750
6.023	3.750
6.022	3.828
6.022	3.750
6.022	3.750
6.022	3.828
6.023	3.750
6.022	3.828
6.023	3.828
6.023	3.828
6.022	3.828
6.023	3.828
6.022	3.828
6.022	3.828
6.022	3.828
6.023	3.750
6.023	3.828
6.022	3.828
6.022	3.828
6.022	3.828
6.023	3.828
6.022	3.750
6.022	3.828
6.022	3.828
6.022	3.828
6.022	3.750
6.022	3.828
6.022	3.828
6.022	3.906
6.022	3.828
6.023	3.906
6.023	3.984
6.022	3.906
6.022	3.906
6.022	3.984
6.022	3.984
6.022	3.906
6.022	3.906
6.022	3.984
6.022	3.906
6.022	3.984
6.022	3.906
6.022	3.906
6.022	3.906
6.022	3.906
6.021	3.906
6.022	3.906
6.021	3.906
6.021	3.906
6.022	3.906
6.022	3.984
6.022	3.984
6.022	3.984
6.021	3.906
6.021	3.984
6.021	4.062
6.022	4.062
6.021	4.062
6.021	4.062
6.021	3.984
6.021	3.984
6.021	3.984
6.022	3.984
6.021	3.984
6.021	3.984
6.021	3.984
6.021	3.984
6.021	3.984
6.020	3.984
6.020	3.984
6.020	3.984
6.020	3.984
6.021	4.062
6.020	4.062
6.020	4.062
6.020	4.141
6.021	3.984
6.020	4.062
6.020	4.141
6.020	4.141
6.021	4.141
6.021	4.141
6.020	4.062
6.020	4.062
6.021	4.062
6.020	4.062
6.020	4.141
6.021	4.141
6.020	4.219
6.021	4.219
6.021	4.141
6.021	4.141
6.020	4.219
6.020	4.219
6.021	4.141
6.020	4.219
6.020	4.141
6.020	4.141
6.020	4.141
6.020	4.141
6.020	4.141
6.020	4.141
6.020	4.141
6.020	4.141
6.021	4.219
6.021	4.141
6.021	4.141
6.021	4.219
6.021	4.141
6.021	4.219
6.020	4.297
6.020	4.219
6.020	4.141
6.020	4.219
6.021	4.219
6.021	4.219
6.021	4.297
6.021	4.219
6.021	4.219
6.021	4.219
6.020	4.219
6.021	4.219
6.021	4.219
6.021	4.297
6.021	4.219
6.021	4.297
6.021	4.219
6.021	4.375
6.021	4.297
6.021	4.219
6.021	4.375
6.021	4.375
6.021	4.375
6.021	4.297
6.021	4.297
6.021	4.375
6.020	4.297
6.021	4.297
6.021	4.297
6.021	4.375
6.021	4.297
6.021	4.297
6.021	4.375
6.021	4.297
6.021	4.375
6.021	4.375
6.021	4.375
6.021	4.375
6.021	4.375
6.021	4.453
6.021	4.453
6.021	4.375
6.021	4.375
6.021	4.375
6.021	4.375
6.021	4.453
6.021	4.453
6.021	4.453
6.021	4.375
6.021	4.375
6.021	4.375
6.022	4.375
6.021	4.375
6.021	4.375
6.021	4.375
6.021	4.375
6.021	4.453
6.021	4.531
6.021	4.453
6.021	4.453
6.021	4.453
6.021	4.453
6.021	4.453
6.020	4.531
6.020	4.453
6.021	4.453
6.021	4.453
6.021	4.453
6.021	4.453
6.022	4.453
6.021	4.531
6.021	4.531
6.021	4.453
6.021	4.531
6.021	4.531
6.021	4.531
6.021	4.609
6.021	4.531
6.021	4.531
6.021	4.609
6.021	4.609
6.021	4.531
6.020	4.609
6.021	4.609
6.021	4.531
6.021	4.609
6.020	4.531
6.021	4.609
6.020	4.609
6.020	4.609
6.020	4.609
6.020	4.687
6.020	4.609
6.020	4.609
6.020	4.609
6.020	4.609
6.020	4.609
6.021	4.609
6.021	4.609
6.020	4.609
6.019	4.609
6.020	4.609
6.020	4.609
6.020	4.687
6.020	4.609
6.020	4.609
6.020	4.687
6.019	4.687
6.020	4.687
6.020	4.687
6.020	4.766
6.020	4.687
6.020	4.687
6.019	4.687
6.019	4.687
6.019	4.844
6.019	4.687
6.019	4.687
6.019	4.687
6.019	4.687
6.020	4.687
6.019	4.687
6.018	4.766
6.019	4.687
6.019	4.844
6.019	4.766
6.018	4.766
6.018	4.766
6.019	4.766
6.019	4.844
6.019	4.766
6.019	4.766
6.018	4.766
6.019	4.766
6.019	4.766
6.019	4.766
6.019	4.766
6.019	4.766
6.018	4.766
6.018	4.766
6.018	4.766
6.019	4.766
6.019	4.844
6.018	4.766
6.018	4.844
6.019	4.766
6.018	4.844
6.019	4.844
6.019	4.844
6.018	4.844
6.019	4.922
6.018	4.844
6.018	4.844
6.018	4.844
6.018	4.844
6.018	4.844
6.018	4.844
6.019	4.844
6.019	4.844
6.019	4.844
6.019	4.922
6.019	4.844
6.019	4.922
6.018	4.922
6.019	4.844
6.019	4.922
6.019	4.922
6.019	4.922
6.019	4.922
6.019	5.000
6.020	4.922
6.019	4.922
6.019	4.922
6.019	4.922
6.019	4.922
6.019	5.000
6.019	4.922
6.019	4.922
6.019	5.000
6.019	5.000
6.019	5.000
6.020	4.922
6.019	5.000
6.020	5.000
6.020	5.078
6.019	5.000
6.019	5.000
6.019	5.000
6.020	5.000
6.020	5.000
6.020	5.000
6.021	5.078
6.020	5.000
6.020	5.078
6.020	4.922
6.020	5.078
6.020	5.000
6.020	5.078
6.020	5.078
6.020	5.078
6.021	5.000
6.020	5.000
6.020	5.078
6.020	5.078
6.020	5.078
6.020	5.078
6.020	5.078
6.020	5.156
6.020	5.078
6.020	5.078
6.020	5.078
6.020	5.000
6.020	5.078
6.020	5.156
6.020	5.078
6.020	5.156
6.020	5.156
6.020	5.078
6.020	5.156
6.020	5.156
6.020	5.156
6.020	5.156
6.019	5.156
6.019	5.156
6.019	5.156
6.020	5.156
6.020	5.078
6.020	5.078
6.019	5.156
6.020	5.156
6.020	5.156
6.019	5.078
6.019	5.156
6.020	5.156
6.020	5.234
6.019	5.156
6.019	5.234
6.020	5.156
6.019	5.234
6.019	5.234
6.018	5.234
6.019	5.234
6.019	5.234
6.019	5.234
6.018	5.234
6.019	5.234
6.018	5.156
6.017	5.234
6.018	5.234
6.017	5.234
6.018	5.234
6.018	5.234
6.018	5.234
6.018	5.156
6.017	5.312
6.017	5.234
6.018	5.312
6.018	5.156
6.017	5.234
6.017	5.312
6.017	5.312
6.016	5.312
6.018	5.312
6.017	5.391
6.017	5.312
6.018	5.391
6.017	5.312
6.016	5.391
6.016	5.312
6.016	5.312
6.017	5.312
6.016	5.312
6.016	5.391
6.016	5.312
6.016	5.312
6.016	5.312
6.016	5.312
6.016	5.312
6.016	5.312
6.016	5.312
6.015	5.312
6.015	5.391
6.015	5.391
6.016	5.391
6.015	5.391
6.015	5.391
6.016	5.391
6.015	5.391
6.015	5.391
6.014	5.391
6.015	5.391
6.014	5.469
6.014	5.469
6.014	5.391
6.014	5.391
6.014	5.469
6.015	5.469
6.014	5.469
6.015	5.469
6.014	5.391
6.015	5.469
6.014	5.469
6.015	5.469
6.014	5.469
6.014	5.469
6.013	5.547
6.014	5.469
6.013	5.547
6.013	5.469
6.013	5.469
6.014	5.469
6.013	5.469
6.013	5.469
6.013	5.547
6.013	5.547
6.013	5.547
6.013	5.547
6.013	5.547
6.014	5.547
6.013	5.547
6.013	5.547
6.013	5.547
6.012	5.547
6.013	5.547
6.012	5.625
6.013	5.625
6.013	5.625
6.013	5.547
6.012	5.547
6.012	5.625
6.012	5.625
6.012	5.547
6.012	5.547
6.012	5.625
6.011	5.625
6.012	5.625
6.013	5.625
6.012	5.625
6.011	5.625
6.012	5.625
6.011	5.625
6.010	5.703
6.011	5.547
6.011	5.625
6.011	5.625
6.010	5.703
6.010	5.625
6.010	5.625
6.010	5.625
6.009	5.625
6.009	5.625
6.009	5.703
6.009	5.703
6.009	5.703
6.009	5.703
6.008	5.703
6.008	5.703
6.009	5.625
6.008	5.625
6.008	5.703
6.006	5.703
6.007	5.703
6.007	5.703
6.007	5.703
6.006	5.781
6.006	5.781
6.005	5.703
6.004	5.781
6.005	5.703
6.004	5.781
6.004	5.625
6.004	5.781
6.002	5.781
6.002	5.781
6.001	5.781
6.000	5.781
6.000	5.781
5.999	5.781
5.999	5.781
5.998	5.781
5.998	5.781
5.997	5.781
5.997	5.859
5.997	5.781
5.996	5.781
5.996	5.859
5.996	5.859
5.996	5.781
5.995	5.859
5.995	5.781
5.995	5.859
5.994	5.859
5.993	5.781
5.993	5.859
5.993	5.859
5.993	5.859
5.992	5.859
5.993	5.859
5.992	5.937
5.992	5.859
5.992	5.781
5.991	5.859
5.991	5.937
5.991	5.937
5.990	5.937
5.990	5.937
5.990	5.859
5.989	5.859
5.991	5.937
5.990	5.937
5.991	5.937
5.990	5.937
5.990	5.937
5.991	5.937
5.990	5.937
5.991	5.937
5.991	5.937
5.991	5.937
5.991	5.937
5.991	5.937
5.991	5.937
5.991	5.937
5.991	6.016
5.990	5.937
5.990	5.859
5.991	5.937
5.990	5.937
5.990	6.016
5.990	6.016
5.991	5.937
5.990	6.016
5.990	6.016
5.990	6.016
5.990	6.016
5.991	6.016
5.990	6.016
5.990	6.016
5.990	6.016
5.990	6.016
5.990	6.094
5.990	6.016
5.990	6.016
5.990	6.094
5.990	6.094
5.990	6.094
5.990	6.094
5.990	6.094
5.989	6.016
5.989	6.094
5.989	6.016
5.988	6.094
5.989	6.094
5.987	6.094
5.987	6.016
5.987	6.094
5.987	6.094
5.987	6.094
5.987	6.094
5.987	6.094
5.987	6.094
5.986	6.016
5.986	6.094
5.986	6.172
5.986	6.172
5.985	6.172
5.985	6.094
5.984	6.172
5.985	6.172
5.984	6.094
5.984	6.094
5.985	6.172
5.984	6.172
5.984	6.172
5.984	6.172
5.983	6.172
5.983	6.094
5.983	6.094
5.983	6.172
5.983	6.172
5.983	6.250
5.983	6.172
5.983	6.172
5.983	6.250
5.983	6.250
5.984	6.250
5.983	6.250
5.983	6.250
5.984	6.250
5.983	6.250
5.984	6.250
5.983	6.250
5.984	6.250
5.985	6.250
5.985	6.250
5.985	6.250
5.985	6.250
5.985	6.250
5.985	6.250
5.985	6.250
5.986	6.250
5.987	6.250
5.987	6.328
5.987	6.328
5.989	6.250
5.989	6.328
5.988	6.328
5.989	6.328
5.989	6.328
5.989	6.328
5.989	6.406
5.989	6.406
5.990	6.406
5.989	6.328
5.990	6.328
5.990	6.406
5.990	6.406
5.990	6.328
5.991	6.406
5.991	6.406
5.991	6.406
5.990	6.406
5.990	6.406
5.990	6.406
5.991	6.406
5.991	6.406
5.991	6.328
5.991	6.328
5.991	6.406
5.992	6.406
5.992	6.328
5.991	6.328
5.991	6.406
5.992	6.406
5.990	6.328
5.990	6.406
5.991	6.406
5.989	6.406
5.990	6.328
5.990	6.484
5.990	6.406
5.990	6.484
5.989	6.406
5.989	6.484
5.988	6.484
5.987	6.484
5.988	6.484
5.987	6.484
5.987	6.484
5.987	6.484
5.986	6.484
5.986	6.484
5.986	6.484
5.985	6.484
5.984	6.562
5.984	6.562
5.984	6.484
5.983	6.484
5.983	6.484
5.982	6.484
5.982	6.562
5.981	6.562
5.981	6.562
5.981	6.562
5.980	6.562
5.980	6.562
5.979	6.562
5.979	6.562
5.978	6.562
5.979	6.641
5.978	6.641
5.979	6.562
5.978	6.562
5.978	6.641
5.978	6.641
5.977	6.641
5.977	6.562
5.976	6.641
5.977	6.641
5.976	6.562
5.976	6.641
5.977	6.641
5.977	6.641
5.976	6.562
5.975	6.641
5.975	6.641
5.976	6.641
5.975	6.641
5.976	6.641
5.974	6.641
5.975	6.641
5.974	6.641
5.974	6.641
5.974	6.641
5.974	6.719
5.974	6.719
5.974	6.719
5.974	6.719
5.974	6.719
5.974	6.719
5.974	6.719
5.973	6.719
5.972	6.719
5.972	6.719
5.971	6.719
5.971	6.719
5.971	6.719
5.970	6.719
5.971	6.719
5.970	6.719
5.970	6.797
5.969	6.797
5.968	6.719
5.968	6.797
5.968	6.719
5.967	6.797
5.966	6.797
5.966	6.797
5.966	6.719
5.965	6.797
5.965	6.797
5.964	6.797
5.963	6.797
5.963	6.875
5.962	6.719
5.962	6.797
5.962	6.797
5.961	6.797
5.960	6.797
5.960	6.875
5.959	6.875
5.958	6.875
5.959	6.797
5.958	6.875
5.958	6.875
5.958	6.875
5.958	6.875
5.957	6.875
5.957	6.875
5.958	6.875
5.957	6.875
5.956	6.797
5.957	6.875
5.957	6.797
5.956	6.875
5.955	6.875
5.955	6.875
5.956	6.797
5.956	6.875
5.956	6.953
5.955	6.953
5.954	6.953
5.955	6.953
5.954	6.953
5.953	6.953
5.954	6.953
5.954	6.953
5.953	6.875
5.953	6.953
5.952	6.875
5.952	6.953
5.952	6.875
5.952	6.953
5.952	7.031
5.951	6.953
5.951	6.875
5.950	7.031
5.950	6.953
5.950	7.031
5.950	6.953
5.950	6.953
5.949	7.031
5.949	6.953
5.949	7.031
5.949	7.031
5.948	7.031
5.949	7.031
5.949	7.031
5.949	7.031
5.948	7.031
5.949	7.031
5.948	7.109
5.948	7.109
5.948	7.109
5.948	7.031
5.948	7.109
5.948	7.109
5.949	7.031
5.948	7.109
5.949	7.109
5.950	7.031
5.949	7.109
5.948	7.109
5.949	7.031
5.949	7.109
5.950	7.031
5.951	7.031
5.951	7.109
5.950	7.109
5.951	7.109
5.951	7.109
5.953	7.187
5.953	7.187
5.953	7.187
5.954	7.109
5.954	7.109
5.955	7.187
5.955	7.187
5.956	7.187
5.957	7.109
5.957	7.109
5.958	7.109
5.958	7.187
5.959	7.187
5.960	7.266
5.959	7.187
5.960	7.187
5.960	7.187
5.962	7.187
5.961	7.109
5.962	7.266
5.963	7.187
5.963	7.266
5.964	7.187
5.965	7.187
5.965	7.266
5.964	7.266
5.965	7.187
5.965	7.266
5.966	7.266
5.966	7.266
5.966	7.266
5.967	7.266
5.967	7.266
5.968	7.266
5.967	7.266
5.968	7.266
5.968	7.266
5.969	7.344
5.969	7.187
5.969	7.266
5.969	7.344
5.969	7.266
5.970	7.344
5.970	7.344
5.969	7.266
5.970	7.266
5.970	7.344
5.970	7.344
5.970	7.266
5.970	7.266
5.970	7.344
5.970	7.344
5.970	7.344
5.971	7.344
5.970	7.344
5.969	7.344
5.970	7.266
5.969	7.422
5.970	7.344
5.970	7.344
5.969	7.344
5.970	7.344
5.970	7.422
5.970	7.422
5.970	7.344
5.970	7.422
5.971	7.422
5.970	7.422
5.971	7.422
5.971	7.422
5.971	7.344
5.971	7.422
5.972	7.422
5.973	7.422
5.973	7.422
5.972	7.422
5.973	7.422
5.973	7.500
5.974	7.422
5.974	7.422
5.974	7.422
5.975	7.500
5.975	7.500
5.975	7.500
5.977	7.422
5.977	7.500
5.978	7.500
5.978	7.500
5.978	7.500
5.980	7.500
5.980	7.500
5.981	7.500
5.981	7.578
5.982	7.500
5.982	7.578
5.983	7.500
5.984	7.422
5.985	7.500
5.986	7.578
5.987	7.500
5.987	7.578
5.988	7.578
5.989	7.578
5.989	7.578
5.990	7.578
5.990	7.578
5.991	7.578
5.992	7.578
5.991	7.578
5.992	7.578
5.992	7.578
5.993	7.578
5.993	7.500
5.994	7.578
5.994	7.500
5.994	7.578
5.995	7.500
5.996	7.656
5.996	7.578
5.997	7.656
5.997	7.500
5.997	7.656
5.997	7.578
5.997	7.656
5.997	7.656
5.997	7.656
5.998	7.656
5.997	7.656
5.996	7.656
5.997	7.656
5.996	7.656
5.996	7.656
5.996	7.656
5.996	7.656
5.995	7.656
5.994	7.656
5.994	7.656
5.994	7.656
5.993	7.734
5.993	7.656
5.991	7.656
5.992	7.734
5.991	7.734
5.990	7.734
5.989	7.734
5.988	7.734
5.988	7.734
5.988	7.734
5.987	7.734
5.987	7.734
5.985	7.734
5.984	7.734
5.983	7.734
5.982	7.734
5.982	7.734
5.982	7.734
5.980	7.734
5.979	7.656
5.979	7.734
5.978	7.734
5.977	7.812
5.976	7.734
5.976	7.734
5.976	7.812
5.975	7.812
5.974	7.891
5.973	7.891
5.974	7.812
5.973	7.812
5.972	7.812
5.972	7.812
5.971	7.812
5.971	7.812
5.970	7.812
5.970	7.812
5.970	7.891
5.970	7.812
5.970	7.812
5.969	7.891
5.969	7.891
5.968	7.891
5.968	7.891
5.968	7.891
5.968	7.969
5.967	7.891
5.967	7.891
5.967	7.891
5.966	7.969
5.966	7.891
5.966	7.891
5.966	7.891
5.967	7.891
5.966	7.891
5.967	7.891
5.966	7.891
5.966	7.891
5.966	8.047
5.967	7.891
5.966	7.891
5.966	7.891
5.967	7.969
5.966	7.891
5.966	7.969
5.965	8.047
5.965	7.891
5.965	7.969
5.965	7.969
5.966	7.969
5.965	7.969
5.965	8.047
5.964	7.969
5.965	7.969
5.964	7.969
5.963	7.969
5.963	7.969
5.964	8.047
5.963	7.969
5.962	7.969
5.962	8.047
5.961	7.969
5.961	7.969
5.961	7.969
5.961	8.047
5.960	8.047
5.960	8.047
5.959	8.047
5.958	8.047
5.958	8.047
5.958	8.125
5.957	8.047
5.956	8.047
5.956	8.047
5.956	8.047
5.956	8.125
5.955	8.125
5.955	8.125
5.954	8.125
5.953	8.125
5.954	8.125
5.953	8.125
5.953	8.125
5.951	8.125
5.952	8.125
5.951	8.125
5.950	8.125
5.950	8.125
5.949	8.203
5.949	8.125
5.949	8.203
5.948	8.125
5.947	8.203
5.948	8.203
5.947	8.203
5.947	8.281
5.946	8.203
5.946	8.203
5.946	8.203
5.945	8.203
5.946	8.281
5.946	8.203
5.945	8.203
5.945	8.203
5.946	8.203
5.945	8.203
5.945	8.203
5.945	8.281
5.945	8.281
5.945	8.203
5.945	8.281
5.945	8.203
5.946	8.203
5.945	8.281
5.946	8.203
5.945	8.281
5.945	8.281
5.946	8.281
5.946	8.281
5.946	8.281
5.946	8.281
5.946	8.281
5.947	8.281
5.947	8.281
5.947	8.359
5.948	8.281
5.948	8.281
5.949	8.281
5.949	8.281
5.949	8.359
5.949	8.281
5.950	8.359
5.950	8.359
5.951	8.359
5.952	8.359
5.951	8.359
5.952	8.281
5.951	8.359
5.951	8.281
5.952	8.359
5.953	8.359
5.953	8.359
5.953	8.359
5.953	8.359
5.953	8.359
5.954	8.359
5.954	8.359
5.954	8.437
5.955	8.437
5.956	8.437
5.956	8.437
5.956	8.359
5.956	8.437
5.957	8.437
5.957	8.437
5.957	8.437
5.959	8.359
5.958	8.437
5.959	8.437
5.960	8.437
5.960	8.437
5.960	8.437
5.961	8.437
5.962	8.359
5.963	8.437
5.963	8.437
5.963	8.437
5.963	8.516
5.964	8.437
5.964	8.516
5.966	8.516
5.967	8.516
5.967	8.516
5.968	8.516
5.968	8.359
5.968	8.516
5.969	8.516
5.970	8.516
5.969	8.516
5.970	8.516
5.971	8.516
5.971	8.516
5.972	8.516
5.972	8.516
5.972	8.516
5.973	8.516
5.973	8.516
5.973	8.594
5.974	8.516
5.974	8.594
5.973	8.594
5.974	8.594
5.974	8.594
5.974	8.516
5.974	8.594
5.973	8.594
5.974	8.594
5.974	8.594
5.974	8.594
5.975	8.594
5.975	8.594
5.976	8.594
5.976	8.594
5.976	8.672
5.977	8.672
5.976	8.672
5.976	8.672
5.977	8.594
5.977	8.672
5.977	8.672
5.977	8.594
5.978	8.594
5.978	8.672
5.977	8.672
5.979	8.672
5.979	8.672
5.979	8.672
5.978	8.672
5.979	8.672
5.979	8.672
5.979	8.672
5.980	8.594
5.980	8.750
5.981	8.672
5.980	8.672
5.981	8.594
5.982	8.750
5.982	8.750
5.982	8.750
5.983	8.672
5.982	8.750
5.984	8.750
5.984	8.750
5.984	8.750
5.984	8.828
5.985	8.750
5.986	8.750
5.985	8.750
5.985	8.828
5.986	8.828
5.986	8.750
5.986	8.750
5.987	8.828
5.986	8.828
5.987	8.828
5.986	8.828
5.987	8.828
5.988	8.828
5.987	8.828
5.988	8.828
5.987	8.828
5.988	8.828
5.987	8.828
5.987	8.750
5.987	8.750
5.987	8.828
5.987	8.906
5.987	8.906
5.987	8.828
5.986	8.828
5.986	8.906
5.987	8.906
5.987	8.906
5.986	8.906
5.986	8.906
5.987	8.906
5.986	8.906
5.985	8.906
5.986	8.906
5.986	8.906
5.985	8.906
5.986	8.828
5.985	8.828
5.985	8.828
5.985	8.906
5.984	8.906
5.984	8.906
5.984	8.828
5.984	8.906
5.983	8.906
5.984	8.906
5.984	8.984
5.983	8.906
5.983	8.828
5.983	8.984
5.982	8.906
5.982	8.984
5.982	8.984
5.982	8.984
5.982	8.984
5.982	8.984
5.982	8.984
5.982	8.984
5.982	8.984
5.982	8.984
5.982	8.984
5.981	8.984
5.982	8.984
5.982	8.984
5.982	8.984
5.983	9.062
5.983	8.984
5.983	9.062
5.983	9.062
5.983	9.062
5.983	9.062
5.984	9.062
5.984	9.062
5.983	9.062
5.984	9.062
5.984	9.062
5.984	9.062
5.985	9.062
5.985	9.141
5.985	9.141
5.986	9.141
5.986	9.062
5.987	9.062
5.987	9.062
5.987	9.062
5.987	9.141
5.987	9.141
5.988	9.062
5.988	9.141
5.988	9.141
5.988	9.141
5.988	9.141
5.989	9.141
5.988	9.141
5.989	9.141
5.989	9.141
5.989	9.219
5.989	9.141
5.990	9.141
5.990	9.141
5.990	9.062
5.990	9.219
5.990	9.141
5.991	9.141
5.991	9.062
5.991	9.219
5.991	9.219
5.991	9.219
5.991	9.219
5.991	9.219
5.991	9.219
5.991	9.219
5.991	9.219
5.991	9.219
5.992	9.219
5.992	9.219
5.992	9.219
5.992	9.219
5.992	9.219
5.993	9.219
5.993	9.219
5.992	9.219
5.992	9.219
5.992	9.219
5.992	9.219
5.991	9.219
5.992	9.297
5.991	9.297
5.992	9.297
5.993	9.297
5.992	9.297
5.993	9.297
5.994	9.297
5.994	9.297
5.994	9.297
5.994	9.297
5.995	9.297
5.994	9.375
5.994	9.297
5.994	9.375
5.994	9.375
5.995	9.375
5.995	9.375
5.996	9.375
5.997	9.375
5.997	9.375
5.997	9.375
5.998	9.375
5.998	9.375
5.998	9.375
5.998	9.375
5.998	9.375
5.999	9.375
5.999	9.297
6.000	9.453
6.001	9.375
6.001	9.375
6.002	9.375
6.002	9.375
6.003	9.453
6.003	9.453
6.004	9.453
6.004	9.453
6.005	9.453
6.005	9.453
6.006	9.453
6.006	9.453
6.006	9.453
6.006	9.453
6.006	9.453
6.007	9.453
6.007	9.453
6.007	9.453
6.008	9.453
6.008	9.375
6.009	9.453
6.008	9.453
6.010	9.453
6.010	9.531
6.009	9.531
6.010	9.531
6.010	9.531
6.010	9.609
6.011	9.531
6.011	9.531
6.011	9.531
6.011	9.531
6.012	9.453
6.011	9.609
6.012	9.531
6.012	9.609
6.012	9.609
6.013	9.531
6.013	9.609
6.012	9.531
6.012	9.609
6.012	9.609
6.012	9.609
6.012	9.609
6.013	9.609
6.013	9.609
6.013	9.609
6.013	9.531
6.013	9.609
6.014	9.609
6.013	9.609
6.014	9.531
6.014	9.531
6.014	9.609
6.014	9.687
6.014	9.609
6.014	9.609
6.014	9.687
6.015	9.687
6.014	9.687
6.014	9.687
6.014	9.687
6.014	9.687
6.015	9.687
6.015	9.609
6.014	9.687
6.015	9.687
6.015	9.687
6.015	9.687
6.015	9.687
6.015	9.609
6.016	9.687
6.016	9.766
6.016	9.766
6.016	9.766
6.016	9.766
6.016	9.766
6.016	9.687
6.016	9.766
6.017	9.766
6.017	9.766
6.016	9.766
6.015	9.687
6.016	9.766
6.016	9.687
6.016	9.766
6.016	9.766
6.016	9.687
6.017	9.687
6.017	9.766
6.016	9.766
6.017	9.687
6.017	9.687
6.017	9.766
6.018	9.844
6.017	9.844
6.018	9.766
6.018	9.844
6.018	9.687
6.018	9.844
6.018	9.844
6.017	9.844
6.018	9.844
6.018	9.844
6.017	9.844
6.017	9.844
6.018	9.844
6.019	9.844
6.019	9.844
6.018	9.844
6.019	9.844
6.019	9.844
6.019	9.766
6.018	9.844
6.019	9.844
6.018	9.844
6.019	9.922
6.018	9.844
6.019	9.844
6.019	9.922
6.018	9.922
6.019	9.922
6.019	9.922
6.019	9.922
6.019	9.922
6.020	9.922
6.020	9.922
6.019	9.922
6.020	9.922
6.019	10.000
6.019	10.000
6.018	9.922
6.020	10.000
6.020	9.922
6.019	10.000
6.020	10.000
6.019	10.000
6.019	10.000
6.020	10.000
6.020	10.000
6.020	10.000
6.019	9.922
6.020	10.000
6.020	10.000
6.020	10.000
6.020	10.000
6.019	10.000
6.020	10.000
6.019	10.000
6.020	9.922
6.021	10.000
6.021	10.000
6.019	9.922
6.020	10.078
6.020	10.000
6.020	10.078
6.020	10.078
6.019	10.000
6.020	10.078
6.020	10.078
6.020	10.078
6.019	10.078
6.020	10.078
6.020	10.000
6.020	10.078
6.020	10.078
6.020	10.078
6.020	10.000
6.020	10.078
6.020	10.078
6.019	10.078
6.020	10.078
6.019	10.078
6.019	10.078
6.020	10.156
6.020	10.156
6.019	10.078
6.020	10.156
6.019	10.156
6.019	10.156
6.019	10.156
6.019	10.156
6.019	10.156
6.020	10.156
6.019	10.078
6.020	10.156
6.020	10.156
6.020	10.156
6.019	10.156
6.019	10.156
6.018	10.234
6.019	10.156
6.019	10.156
6.019	10.234
6.019	10.234
6.019	10.234
6.019	10.234
6.019	10.234
6.019	10.234
6.019	10.234
6.020	10.234
6.019	10.234
6.019	10.234
6.019	10.156
6.019	10.156
6.018	10.234
6.018	10.156
6.018	10.234
6.018	10.234
6.018	10.312
6.019	10.234
6.019	10.156
6.018	10.234
6.019	10.312
6.018	10.312
6.018	10.312
6.019	10.312
6.018	10.312
6.018	10.391
6.018	10.312
6.019	10.312
6.019	10.312
6.018	10.312
6.018	10.312
6.019	10.312
6.018	10.312
6.018	10.312
6.018	10.312
6.019	10.312
6.019	10.312
6.018	10.312
6.019	10.391
6.019	10.391
6.019	10.469
6.019	10.391
6.019	10.391
6.019	10.312
6.019	10.312
6.019	10.391
6.019	10.391
6.020	10.469
6.019	10.391
6.019	10.391
6.020	10.312
6.019	10.391
6.020	10.391
6.019	10.469
6.020	10.391
6.019	10.391
6.020	10.469
6.020	10.391
6.020	10.391
6.020	10.469
6.020	10.547
6.020	10.391
6.020	10.469
6.020	10.469
6.020	10.391
6.021	10.469
6.020	10.469
6.021	10.469
6.021	10.469
6.021	10.469
6.021	10.469
6.021	10.469
6.021	10.469
6.021	10.469
6.021	10.469
6.021	10.469
6.021	10.469
6.021	10.547
6.022	10.547
6.022	10.547
6.022	10.547
6.021	10.547
6.022	10.547
6.021	10.547
6.021	10.547
6.022	10.547
6.021	10.547
6.022	10.625
6.022	10.625
6.022	10.547
6.022	10.547
6.022	10.547
6.022	10.547
6.022	10.547
6.023	10.625
6.023	10.625
6.023	10.625
6.023	10.625
6.023	10.625
6.023	10.547
6.023	10.547
6.023	10.547
6.021	10.703
6.023	10.625
6.023	10.625
6.023	10.625
6.023	10.625
6.023	10.703
6.023	10.625
6.023	10.625
6.023	10.703
6.023	10.703
6.024	10.703
6.023	10.703
6.023	10.703
6.023	10.625
6.023	10.625
6.023	10.703
6.023	10.625
6.023	10.703
6.023	10.625
6.023	10.703
6.023	10.703
6.023	10.703
6.023	10.703
6.023	10.703
6.023	10.625
6.024	10.703
