4.954	2.422
4.949	2.422
4.952	2.422
4.955	2.422
4.958	2.422
4.960	2.500
4.961	2.422
4.963	2.422
4.964	2.422
4.964	2.500
4.965	2.422
4.965	2.500
4.966	2.500
4.967	2.422
4.966	2.500
4.966	2.422
4.967	2.500
4.967	2.500
4.967	2.422
4.966	2.500
4.966	2.422
4.967	2.422
4.967	2.500
4.967	2.500
4.966	2.500
4.967	2.500
4.967	2.500
4.966	2.500
4.967	2.500
4.967	2.500
4.967	2.500
4.967	2.500
4.967	2.578
4.966	2.578
4.967	2.578
4.967	2.578
4.966	2.578
4.966	2.578
4.966	2.578
4.967	2.656
4.967	2.656
4.967	2.578
4.967	2.578
4.967	2.656
4.967	2.578
4.967	2.578
4.966	2.578
4.967	2.578
4.967	2.578
4.967	2.656
4.967	2.578
4.967	2.578
4.967	2.578
4.967	2.656
4.967	2.578
4.967	2.734
4.967	2.578
4.968	2.578
4.968	2.656
4.968	2.734
4.968	2.578
4.968	2.656
4.967	2.656
4.967	2.656
4.968	2.656
4.968	2.656
4.968	2.734
4.968	2.656
4.968	2.656
4.967	2.656
4.967	2.656
4.967	2.734
4.967	2.656
4.967	2.734
4.967	2.734
4.967	2.656
4.967	2.656
4.967	2.734
4.967	2.734
4.967	2.656
4.967	2.734
4.967	2.812
4.967	2.734
4.966	2.734
4.967	2.734
4.967	2.812
4.967	2.812
4.967	2.734
4.967	2.734
4.967	2.812
4.967	2.812
4.968	2.734
4.967	2.734
4.966	2.734
4.967	2.812
4.967	2.734
4.966	2.891
4.967	2.734
4.967	2.734
4.967	2.891
4.967	2.812
4.967	2.812
4.967	2.891
4.966	2.812
4.966	2.812
4.967	2.812
4.967	2.812
4.967	2.812
4.967	2.812
4.966	2.812
4.966	2.812
4.967	2.812
4.967	2.891
4.967	2.812
4.967	2.812
4.967	2.812
4.966	2.812
4.966	2.891
4.966	2.891
4.966	2.969
4.966	2.891
4.966	2.891
4.967	2.969
4.967	2.891
4.966	2.969
4.966	2.891
4.966	2.969
4.966	2.891
4.966	2.891
4.966	2.891
4.966	2.891
4.967	2.891
4.966	2.969
4.967	2.891
4.966	2.891
4.966	2.891
4.966	2.891
4.966	2.969
4.967	2.969
4.966	2.969
4.966	2.969
4.966	2.969
4.966	2.969
4.966	2.969
4.966	2.969
4.966	2.969
4.966	2.969
4.966	2.969
4.966	2.969
4.966	2.969
4.966	2.969
4.966	3.047
4.966	3.047
4.966	3.047
4.966	3.047
4.966	3.047
4.966	3.047
4.966	3.125
4.966	3.047
4.966	3.047
4.966	3.047
4.966	3.047
4.966	3.125
4.966	3.047
4.965	3.125
4.966	3.047
4.966	3.047
4.966	3.125
4.966	3.047
4.966	3.125
4.966	3.125
4.966	3.125
4.966	3.125
4.966	3.203
4.966	3.125
4.966	3.125
4.966	3.125
4.966	3.125
4.966	3.125
4.966	3.203
4.966	3.125
4.966	3.125
4.966	3.203
4.966	3.125
4.966	3.203
4.966	3.125
4.966	3.281
4.966	3.203
4.966	3.203
4.966	3.203
4.966	3.203
4.966	3.203
4.966	3.203
4.966	3.203
4.967	3.281
4.967	3.281
4.967	3.281
4.966	3.203
4.967	3.203
4.966	3.203
4.966	3.203
4.966	3.203
4.966	3.203
4.966	3.203
4.966	3.281
4.965	3.203
4.966	3.203
4.966	3.203
4.966	3.203
4.966	3.281
4.967	3.359
4.966	3.359
4.966	3.281
4.965	3.281
4.965	3.281
4.965	3.281
4.965	3.281
4.965	3.281
4.965	3.359
4.966	3.281
4.966	3.281
4.966	3.281
4.966	3.281
4.966	3.359
4.966	3.437
4.965	3.281
4.965	3.359
4.966	3.359
4.966	3.359
4.965	3.359
4.966	3.359
4.965	3.359
4.966	3.359
4.966	3.359
4.965	3.359
4.966	3.359
4.965	3.359
4.965	3.359
4.965	3.359
4.965	3.437
4.965	3.437
4.965	3.359
4.965	3.437
4.965	3.516
4.965	3.437
4.965	3.516
4.965	3.437
4.964	3.437
4.964	3.437
4.964	3.437
4.964	3.516
4.965	3.437
4.965	3.437
4.965	3.437
4.965	3.437
4.965	3.437
4.965	3.437
4.964	3.437
4.965	3.516
4.965	3.437
4.964	3.437
4.964	3.437
4.965	3.437
4.963	3.437
4.964	3.516
4.964	3.516
4.964	3.516
4.964	3.516
4.964	3.516
4.964	3.516
4.965	3.516
4.964	3.516
4.964	3.516
4.964	3.516
4.964	3.516
4.964	3.516
4.965	3.516
4.964	3.594
4.965	3.516
4.964	3.594
4.964	3.594
4.964	3.594
4.964	3.594
4.964	3.594
4.964	3.594
4.965	3.594
4.964	3.594
4.964	3.594
4.965	3.594
4.964	3.594
4.964	3.594
4.964	3.594
4.964	3.672
4.963	3.594
4.964	3.672
4.964	3.672
4.964	3.594
4.964	3.672
4.964	3.594
4.964	3.672
4.964	3.672
4.964	3.672
4.964	3.672
4.964	3.672
4.964	3.672
4.964	3.672
4.964	3.672
4.964	3.672
4.964	3.672
4.965	3.750
4.965	3.672
4.965	3.750
4.964	3.672
4.964	3.672
4.964	3.672
4.964	3.828
4.963	3.672
4.964	3.750
4.963	3.750
4.964	3.750
4.964	3.750
4.964	3.750
4.965	3.750
4.964	3.750
4.964	3.750
4.964	3.750
4.964	3.828
4.964	3.828
4.963	3.750
4.963	3.828
4.963	3.750
4.963	3.828
4.964	3.828
4.964	3.828
4.964	3.828
4.964	3.828
4.964	3.828
4.964	3.828
4.964	3.828
4.963	3.828
4.964	3.828
4.964	3.828
4.963	3.828
4.964	3.750
4.964	3.828
4.964	3.828
4.964	3.828
4.964	3.828
4.964	3.828
4.964	3.828
4.964	3.828
4.964	3.750
4.963	3.984
4.964	3.906
4.963	3.906
4.963	3.906
4.963	3.906
4.963	3.906
4.963	3.984
4.963	3.906
4.964	3.984
4.963	3.906
4.963	3.906
4.963	3.906
4.963	3.906
4.963	3.906
4.963	3.984
4.962	3.906
4.962	3.906
4.963	3.906
4.963	3.906
4.963	3.984
4.963	3.984
4.963	3.984
4.964	3.906
4.964	3.984
4.964	3.906
4.964	3.906
4.964	3.906
4.963	3.984
4.963	3.984
4.963	3.906
4.963	3.984
4.963	3.984
4.963	3.984
4.963	3.984
4.963	3.984
4.964	3.984
4.964	3.984
4.963	3.984
4.963	3.984
4.964	3.984
4.963	3.984
4.963	3.984
4.963	4.141
4.964	4.141
4.964	4.062
4.964	4.062
4.964	4.062
4.964	4.062
4.964	3.984
4.963	4.141
4.963	4.141
4.963	4.141
4.964	4.062
4.963	4.062
4.963	4.062
4.963	4.062
4.963	4.062
4.963	4.062
4.963	4.062
4.964	4.141
4.963	4.062
4.963	4.141
4.963	4.219
4.963	4.141
4.963	4.141
4.963	4.219
4.963	4.141
4.963	4.141
4.963	4.141
4.964	4.219
4.964	4.141
4.963	4.219
4.964	4.219
4.963	4.219
4.963	4.141
4.963	4.219
4.963	4.141
4.963	4.219
4.963	4.141
4.964	4.219
4.964	4.141
4.964	4.219
4.964	4.219
4.964	4.219
4.964	4.141
4.963	4.219
4.963	4.219
4.963	4.219
4.964	4.219
4.964	4.219
4.964	4.219
4.964	4.219
4.963	4.297
4.963	4.297
4.963	4.297
4.963	4.219
4.963	4.297
4.963	4.219
4.963	4.219
4.963	4.297
4.963	4.219
4.963	4.297
4.963	4.297
4.963	4.375
4.964	4.297
4.964	4.375
4.964	4.297
4.964	4.297
4.964	4.297
4.964	4.297
4.964	4.297
4.963	4.375
4.963	4.375
4.963	4.297
4.963	4.297
4.963	4.297
4.963	4.297
4.963	4.375
4.963	4.375
4.964	4.375
4.964	4.375
4.964	4.375
4.963	4.453
4.963	4.375
4.963	4.375
4.963	4.453
4.963	4.453
4.963	4.375
4.963	4.375
4.963	4.375
4.963	4.453
4.963	4.453
4.963	4.531
4.963	4.375
4.963	4.453
4.964	4.531
4.963	4.453
4.963	4.453
4.964	4.375
4.963	4.531
4.963	4.453
4.963	4.453
4.963	4.531
4.964	4.453
4.963	4.453
4.963	4.453
4.963	4.453
4.964	4.453
4.963	4.453
4.963	4.453
4.962	4.453
4.963	4.531
4.963	4.531
4.963	4.531
4.963	4.453
4.963	4.453
4.963	4.531
4.963	4.531
4.963	4.531
4.963	4.531
4.963	4.609
4.964	4.531
4.963	4.531
4.963	4.531
4.963	4.609
4.963	4.609
4.963	4.609
4.963	4.531
4.963	4.531
4.964	4.531
4.963	4.609
4.964	4.609
4.964	4.609
4.964	4.609
4.963	4.609
4.964	4.609
4.964	4.609
4.964	4.609
4.964	4.609
4.964	4.687
4.963	4.609
4.963	4.609
4.963	4.687
4.964	4.687
4.963	4.609
4.963	4.687
4.963	4.609
4.964	4.687
4.963	4.687
4.963	4.687
4.964	4.609
4.964	4.687
4.964	4.687
4.964	4.687
4.964	4.766
4.964	4.687
4.964	4.687
4.964	4.687
4.964	4.687
4.965	4.687
4.964	4.687
4.964	4.687
4.964	4.766
4.964	4.844
4.964	4.766
4.964	4.687
4.964	4.766
4.965	4.844
4.965	4.766
4.965	4.844
4.964	4.766
4.965	4.766
4.964	4.844
4.965	4.766
4.965	4.766
4.964	4.766
4.965	4.766
4.965	4.766
4.964	4.766
4.964	4.844
4.964	4.766
4.964	4.766
4.964	4.766
4.964	4.844
4.965	4.844
4.964	4.922
4.965	4.844
4.964	4.922
4.964	4.844
4.964	4.922
4.964	4.766
4.964	4.844
4.964	4.844
4.964	4.844
4.963	4.844
4.963	4.844
4.964	4.844
4.964	4.844
4.964	4.844
4.964	4.922
4.963	4.844
4.964	4.844
4.964	4.844
4.964	4.922
4.964	4.922
4.964	4.844
4.964	4.844
4.963	4.922
4.964	4.922
4.964	4.922
4.964	4.922
4.964	4.922
4.964	4.922
4.964	4.922
4.964	5.000
4.965	4.922
4.964	5.000
4.963	5.000
4.963	5.000
4.963	5.000
4.963	5.000
4.964	5.000
4.964	5.000
4.965	5.000
4.965	4.922
4.965	5.000
4.964	5.000
4.964	5.000
4.964	5.000
4.964	5.000
4.963	5.000
4.964	5.000
4.964	5.000
4.964	5.078
4.964	4.922
4.964	5.000
4.964	5.000
4.964	5.000
4.964	5.000
4.964	5.000
4.964	5.000
4.964	5.078
4.964	5.078
4.964	5.000
4.965	5.078
4.964	5.000
4.964	5.078
4.964	5.000
4.964	5.078
4.964	5.078
4.965	5.000
4.964	5.000
4.964	5.078
4.965	5.078
4.965	5.000
4.964	5.000
4.964	5.156
4.964	5.078
4.964	5.156
4.964	5.156
4.963	5.156
4.964	5.156
4.964	5.156
4.964	5.156
4.964	5.156
4.964	5.156
4.964	5.156
4.964	5.156
4.964	5.156
4.963	5.156
4.964	5.156
4.965	5.234
4.964	5.156
4.964	5.156
4.964	5.234
4.963	5.156
4.964	5.156
4.963	5.234
4.964	5.234
4.964	5.234
4.964	5.156
4.965	5.234
4.964	5.234
4.964	5.234
4.964	5.234
4.964	5.234
4.964	5.234
4.964	5.234
4.963	5.234
4.963	5.234
4.964	5.234
4.964	5.234
4.964	5.156
4.964	5.234
4.964	5.234
4.964	5.312
4.964	5.234
4.964	5.312
4.964	5.156
4.964	5.312
4.963	5.312
4.964	5.391
4.964	5.234
4.963	5.312
4.964	5.312
4.964	5.312
4.964	5.312
4.964	5.312
4.964	5.312
4.964	5.312
4.964	5.312
4.963	5.312
4.963	5.312
4.963	5.312
4.963	5.312
4.963	5.312
4.963	5.312
4.963	5.312
4.963	5.391
4.964	5.312
4.963	5.391
4.964	5.391
4.964	5.391
4.963	5.312
4.963	5.391
4.962	5.469
4.962	5.391
4.962	5.391
4.963	5.391
4.963	5.391
4.963	5.469
4.963	5.391
4.963	5.391
4.963	5.469
4.963	5.391
4.963	5.391
4.963	5.469
4.963	5.391
4.963	5.469
4.962	5.469
4.963	5.391
4.963	5.469
4.963	5.469
4.963	5.469
4.963	5.469
4.963	5.469
4.963	5.469
4.962	5.469
4.962	5.469
4.962	5.547
4.962	5.469
4.962	5.547
4.962	5.469
4.962	5.469
4.962	5.547
4.962	5.547
4.962	5.547
4.962	5.469
4.961	5.547
4.961	5.547
4.962	5.469
4.961	5.547
4.961	5.547
4.962	5.547
4.962	5.547
4.961	5.547
4.961	5.547
4.962	5.547
4.961	5.547
4.961	5.547
4.961	5.625
4.961	5.547
4.962	5.547
4.962	5.625
4.962	5.625
4.962	5.625
4.962	5.625
4.961	5.625
4.961	5.625
4.961	5.625
4.960	5.625
4.961	5.625
4.961	5.625
4.961	5.625
4.962	5.625
4.962	5.625
4.961	5.625
4.961	5.703
4.961	5.703
4.961	5.703
4.960	5.703
4.961	5.703
4.960	5.703
4.960	5.703
4.960	5.703
4.960	5.703
4.961	5.703
4.960	5.703
4.961	5.703
4.960	5.703
4.960	5.703
4.960	5.703
4.960	5.703
4.960	5.703
4.960	5.703
4.959	5.703
4.960	5.703
4.960	5.703
4.959	5.703
4.958	5.703
4.959	5.703
4.959	5.781
4.959	5.781
4.959	5.781
4.959	5.781
4.959	5.781
4.959	5.781
4.959	5.781
4.959	5.781
4.958	5.781
4.958	5.781
4.958	5.781
4.957	5.781
4.957	5.781
4.957	5.781
4.957	5.859
4.957	5.781
4.957	5.781
4.957	5.859
4.957	5.781
4.957	5.859
4.957	5.859
4.956	5.859
4.956	5.859
4.956	5.859
4.956	5.859
4.956	5.859
4.956	5.859
4.956	5.859
4.955	5.859
4.955	5.859
4.955	5.859
4.955	5.859
4.955	5.859
4.954	5.937
4.954	5.859
4.954	5.859
4.954	5.859
4.954	5.937
4.954	5.937
4.955	5.937
4.954	5.859
4.954	5.937
4.953	5.937
4.953	5.859
4.953	5.859
4.953	5.937
4.952	5.937
4.952	5.937
4.952	5.937
4.953	5.937
4.952	5.937
4.952	5.937
4.952	5.937
4.952	6.016
4.952	5.937
4.951	5.937
4.951	5.937
4.951	6.016
4.951	6.016
4.951	5.937
4.951	5.859
4.951	6.016
4.952	6.016
4.951	6.016
4.951	6.016
4.950	6.016
4.950	6.016
4.950	6.016
4.950	6.094
4.950	6.016
4.950	6.094
4.951	6.094
4.950	6.094
4.950	6.094
4.949	6.094
4.950	6.094
4.949	6.094
4.950	6.094
4.949	6.094
4.949	6.094
4.950	6.094
4.950	6.094
4.950	6.016
4.950	6.016
4.949	6.094
4.949	6.094
4.949	6.172
4.950	6.094
4.949	6.094
4.950	6.094
4.949	6.172
4.949	6.094
4.949	6.172
4.949	6.172
4.949	6.172
4.949	6.172
4.949	6.172
4.949	6.172
4.949	6.172
4.949	6.094
4.948	6.172
4.949	6.172
4.949	6.172
4.948	6.094
4.948	6.172
4.948	6.172
4.948	6.094
4.949	6.172
4.948	6.172
4.948	6.094
4.948	6.250
4.948	6.172
4.948	6.250
4.947	6.250
4.947	6.250
4.948	6.250
4.948	6.250
4.948	6.250
4.948	6.250
4.948	6.250
4.947	6.250
4.947	6.250
4.947	6.250
4.947	6.250
4.947	6.250
4.946	6.250
4.946	6.250
4.946	6.250
4.946	6.328
4.946	6.328
4.946	6.250
4.947	6.250
4.946	6.328
4.947	6.328
4.946	6.328
4.946	6.328
4.946	6.328
4.946	6.328
4.945	6.328
4.946	6.328
4.946	6.328
4.946	6.406
4.946	6.328
4.946	6.328
4.946	6.328
4.946	6.406
4.946	6.406
4.946	6.406
4.945	6.406
4.945	6.406
4.946	6.406
4.946	6.406
4.946	6.406
4.945	6.406
4.945	6.406
4.945	6.406
4.945	6.406
4.945	6.406
4.945	6.406
4.946	6.406
4.945	6.406
4.946	6.406
4.945	6.406
4.945	6.406
4.945	6.406
4.945	6.484
4.945	6.406
4.946	6.328
4.945	6.406
4.945	6.484
4.946	6.484
4.946	6.406
4.946	6.406
4.946	6.484
4.945	6.484
4.945	6.484
4.945	6.484
4.945	6.484
4.945	6.484
4.944	6.484
4.945	6.484
4.945	6.484
4.945	6.562
4.945	6.484
4.945	6.484
4.944	6.562
4.944	6.562
4.944	6.484
4.944	6.562
4.944	6.562
4.944	6.562
4.944	6.562
4.944	6.562
4.944	6.562
4.943	6.562
4.944	6.562
4.943	6.562
4.943	6.562
4.943	6.562
4.943	6.562
4.943	6.562
4.943	6.562
4.942	6.641
4.942	6.641
4.942	6.641
4.942	6.641
4.942	6.641
4.942	6.641
4.942	6.641
4.942	6.641
4.941	6.641
4.941	6.641
4.941	6.562
4.940	6.641
4.941	6.641
4.941	6.641
4.940	6.641
4.940	6.641
4.940	6.641
4.940	6.641
4.939	6.641
4.939	6.719
4.939	6.641
4.940	6.719
4.939	6.719
4.939	6.641
4.938	6.719
4.938	6.719
4.938	6.719
4.938	6.719
4.937	6.719
4.937	6.719
4.936	6.719
4.936	6.719
4.936	6.719
4.936	6.719
4.935	6.719
4.935	6.719
4.935	6.719
4.934	6.719
4.934	6.719
4.933	6.719
4.933	6.719
4.933	6.797
4.932	6.797
4.932	6.797
4.932	6.797
4.932	6.797
4.931	6.797
4.930	6.797
4.930	6.797
4.929	6.797
4.929	6.797
4.929	6.797
4.929	6.797
4.929	6.797
4.928	6.797
4.928	6.797
4.927	6.797
4.926	6.875
4.926	6.875
4.926	6.875
4.925	6.797
4.925	6.875
4.924	6.875
4.924	6.797
4.924	6.875
4.923	6.797
4.922	6.797
4.922	6.875
4.921	6.875
4.921	6.875
4.920	6.875
4.919	6.875
4.919	6.875
4.918	6.875
4.917	6.875
4.917	6.953
4.916	6.953
4.916	6.953
4.916	6.875
4.915	6.953
4.914	6.797
4.913	6.953
4.912	6.953
4.912	6.875
4.911	6.953
4.910	6.953
4.910	6.875
4.909	6.953
4.909	6.875
4.908	6.953
4.907	6.953
4.906	7.031
4.905	7.031
4.904	7.031
4.904	7.031
4.903	7.031
4.902	7.031
4.901	7.031
4.901	7.031
4.900	7.031
4.900	7.031
4.898	7.031
4.897	7.031
4.897	7.031
4.896	7.031
4.895	7.031
4.894	7.031
4.894	7.031
4.892	6.953
4.891	7.109
4.890	7.109
4.889	7.109
4.888	7.031
4.887	7.109
4.885	7.109
4.885	7.109
4.884	7.031
4.883	7.031
4.882	7.031
4.881	7.109
4.880	7.109
4.879	7.109
4.877	7.109
4.875	7.109
4.874	7.031
4.874	7.109
4.872	7.109
4.871	7.187
4.870	7.109
4.869	7.187
4.867	7.187
4.866	7.187
4.864	7.187
4.863	7.109
4.861	7.109
4.860	7.187
4.858	7.187
4.857	7.187
4.856	7.109
4.855	7.187
4.853	7.109
4.852	7.109
4.850	7.266
4.849	7.187
4.848	7.187
4.846	7.187
4.845	7.266
4.843	7.266
4.841	7.266
4.840	7.266
4.838	7.187
4.837	7.266
4.835	7.266
4.833	7.266
4.832	7.266
4.830	7.266
4.829	7.266
4.828	7.187
4.826	7.187
4.824	7.187
4.823	7.266
4.821	7.266
4.819	7.266
4.818	7.187
4.817	7.266
4.816	7.266
4.814	7.266
4.813	7.266
4.812	7.266
4.811	7.266
4.809	7.344
4.808	7.344
4.807	7.266
4.806	7.266
4.805	7.344
4.804	7.344
4.803	7.344
4.803	7.344
4.802	7.344
4.801	7.344
4.800	7.344
4.799	7.344
4.799	7.344
4.797	7.344
4.797	7.266
4.796	7.344
4.796	7.266
4.795	7.344
4.795	7.344
4.794	7.344
4.794	7.266
4.792	7.344
4.793	7.266
4.793	7.422
4.793	7.422
4.793	7.422
4.793	7.422
4.793	7.344
4.792	7.422
4.792	7.422
4.792	7.422
4.792	7.422
4.792	7.422
4.793	7.422
4.793	7.422
4.794	7.422
4.795	7.422
4.795	7.422
4.795	7.344
4.795	7.422
4.796	7.500
4.797	7.500
4.797	7.422
4.798	7.500
4.798	7.500
4.799	7.500
4.800	7.500
4.801	7.500
4.802	7.500
4.803	7.500
4.805	7.578
4.806	7.578
4.806	7.578
4.807	7.578
4.808	7.578
4.809	7.500
4.810	7.578
4.810	7.578
4.811	7.578
4.812	7.500
4.812	7.578
4.814	7.578
4.814	7.578
4.815	7.578
4.816	7.500
4.817	7.578
4.816	7.578
4.816	7.500
4.816	7.500
4.816	7.578
4.816	7.578
4.816	7.500
4.815	7.578
4.816	7.578
4.815	7.578
4.814	7.578
4.813	7.656
4.812	7.578
4.811	7.578
4.811	7.578
4.810	7.656
4.808	7.656
4.807	7.656
4.806	7.656
4.805	7.656
4.804	7.578
4.804	7.656
4.802	7.656
4.801	7.656
4.801	7.656
4.799	7.656
4.799	7.656
4.798	7.578
4.797	7.578
4.797	7.656
4.796	7.656
4.795	7.656
4.794	7.734
4.793	7.656
4.793	7.734
4.792	7.734
4.792	7.656
4.792	7.656
4.792	7.812
4.792	7.734
4.791	7.734
4.792	7.734
4.791	7.734
4.791	7.734
4.792	7.734
4.792	7.656
4.792	7.734
4.792	7.656
4.792	7.891
4.792	7.734
4.793	7.734
4.793	7.734
4.793	7.734
4.794	7.734
4.794	7.734
4.795	7.812
4.796	7.812
4.796	7.891
4.797	7.812
4.798	7.812
4.798	7.812
4.799	7.812
4.799	7.812
4.800	7.891
4.801	7.812
4.802	7.812
4.803	7.812
4.804	7.812
4.805	7.812
4.806	7.812
4.807	7.891
4.808	7.812
4.810	7.812
4.811	7.812
4.812	7.969
4.813	7.891
4.814	7.891
4.816	7.969
4.817	7.969
4.819	7.812
4.820	7.891
4.822	7.891
4.823	7.891
4.824	7.891
4.825	7.891
4.827	7.969
4.828	7.891
4.830	7.891
4.831	7.969
4.833	7.891
4.834	7.891
4.835	7.969
4.837	7.891
4.838	7.891
4.840	7.969
4.841	7.969
4.843	7.969
4.844	7.891
4.845	7.969
4.848	7.969
4.850	7.969
4.850	7.969
4.851	7.969
4.852	8.047
4.854	7.969
4.856	8.047
4.857	8.047
4.859	7.969
4.860	7.969
4.861	8.047
4.863	8.047
4.864	8.047
4.865	8.047
4.867	7.969
4.868	8.047
4.869	8.047
4.871	8.047
4.872	8.047
4.873	8.047
4.874	8.047
4.875	8.047
4.876	8.047
4.877	8.047
4.879	8.047
4.881	8.047
4.881	8.125
4.883	8.125
4.884	8.047
4.885	8.125
4.886	8.125
4.887	8.125
4.888	8.125
4.889	8.047
4.890	8.125
4.890	8.125
4.892	8.125
4.893	8.125
4.894	8.203
4.895	8.125
4.896	8.125
4.896	8.125
4.897	8.125
4.897	8.125
4.899	8.125
4.900	8.125
4.900	8.203
4.901	8.125
4.902	8.281
4.903	8.203
4.904	8.203
4.905	8.125
4.906	8.203
4.907	8.203
4.907	8.203
4.908	8.281
4.908	8.203
4.910	8.203
4.911	8.203
4.911	8.203
4.912	8.203
4.912	8.281
4.912	8.281
4.912	8.203
4.913	8.203
4.914	8.203
4.914	8.281
4.915	8.281
4.916	8.281
4.917	8.281
4.918	8.281
4.918	8.281
4.918	8.281
4.919	8.281
4.919	8.281
4.920	8.281
4.921	8.281
4.921	8.281
4.921	8.281
4.922	8.359
4.922	8.359
4.923	8.281
4.924	8.281
4.924	8.359
4.924	8.359
4.925	8.281
4.925	8.359
4.925	8.359
4.926	8.359
4.926	8.359
4.927	8.359
4.927	8.359
4.928	8.359
4.929	8.359
4.929	8.359
4.929	8.359
4.930	8.359
4.931	8.359
4.931	8.359
4.931	8.437
4.932	8.437
4.932	8.359
4.932	8.437
4.932	8.437
4.932	8.437
4.933	8.359
4.933	8.359
4.934	8.359
4.934	8.437
4.934	8.437
4.935	8.437
4.935	8.437
4.936	8.437
4.936	8.437
4.937	8.437
4.937	8.437
4.937	8.437
4.938	8.437
4.938	8.516
4.939	8.437
4.939	8.516
4.939	8.516
4.939	8.359
4.940	8.516
4.940	8.516
4.940	8.516
4.940	8.516
4.941	8.516
4.942	8.516
4.942	8.516
4.942	8.516
4.942	8.516
4.942	8.516
4.942	8.516
4.943	8.516
4.942	8.516
4.943	8.516
4.943	8.594
4.944	8.594
4.945	8.594
4.945	8.594
4.944	8.594
4.944	8.594
4.945	8.594
4.946	8.594
4.946	8.594
4.946	8.516
4.946	8.594
4.946	8.594
4.946	8.516
4.946	8.594
4.946	8.516
4.947	8.594
4.947	8.594
4.947	8.594
4.947	8.594
4.947	8.672
4.948	8.672
4.948	8.594
4.948	8.594
4.947	8.594
4.947	8.672
4.948	8.672
4.948	8.594
4.949	8.672
4.949	8.594
4.949	8.672
4.950	8.672
4.949	8.594
4.950	8.672
4.949	8.672
4.950	8.672
4.949	8.594
4.950	8.594
4.951	8.672
4.951	8.672
4.950	8.672
4.951	8.672
4.951	8.672
4.951	8.672
4.952	8.750
4.951	8.750
4.951	8.750
4.951	8.672
4.951	8.828
4.952	8.750
4.952	8.750
4.952	8.750
4.952	8.750
4.953	8.828
4.952	8.750
4.952	8.750
4.952	8.828
4.952	8.828
4.952	8.828
4.952	8.750
4.952	8.828
4.952	8.750
4.952	8.828
4.952	8.828
4.953	8.828
4.953	8.828
4.953	8.828
4.953	8.828
4.953	8.750
4.953	8.828
4.953	8.828
4.953	8.828
4.953	8.828
4.953	8.828
4.953	8.828
4.953	8.906
4.953	8.828
4.953	8.906
4.953	8.906
4.953	8.828
4.953	8.906
4.954	8.828
4.954	8.906
4.954	8.906
4.954	8.906
4.955	8.828
4.954	8.828
4.954	8.906
4.953	8.906
4.953	8.906
4.954	8.828
4.954	8.906
4.954	8.906
4.954	8.906
4.954	8.828
4.954	8.906
4.954	8.828
4.954	8.984
4.954	8.984
4.954	8.906
4.954	8.984
4.954	8.984
4.954	8.984
4.954	8.984
4.954	8.984
4.954	8.984
4.954	8.984
4.954	8.984
4.954	8.984
4.954	8.984
4.954	8.984
4.954	8.984
4.954	8.984
4.954	9.062
4.954	8.984
4.954	8.984
4.954	9.062
4.954	8.984
4.953	9.062
4.953	9.062
4.954	9.062
4.954	9.062
4.953	9.062
4.953	9.062
4.953	9.062
4.953	9.062
4.954	9.062
4.953	9.062
4.953	9.141
4.953	9.062
4.953	9.141
4.953	9.062
4.953	9.062
4.953	9.141
4.954	9.141
4.953	8.984
4.953	9.141
4.953	9.141
4.953	9.062
4.953	9.141
4.953	9.141
4.953	9.141
4.953	9.141
4.953	9.141
4.952	9.141
4.953	9.141
4.953	9.141
4.953	9.141
4.953	9.219
4.954	9.141
4.953	9.062
4.953	9.219
4.953	9.219
4.953	9.141
4.953	9.141
4.952	9.141
4.952	9.062
4.952	9.219
4.953	9.219
4.953	9.219
4.953	9.219
4.953	9.219
4.952	9.141
4.952	9.219
4.952	9.219
4.952	9.219
4.952	9.219
4.953	9.141
4.952	9.297
4.953	9.219
4.952	9.297
4.952	9.219
4.952	9.219
4.953	9.219
4.952	9.297
4.951	9.297
4.952	9.297
4.951	9.297
4.952	9.297
4.952	9.297
4.952	9.297
4.953	9.297
4.952	9.297
4.952	9.297
4.952	9.297
4.952	9.297
4.952	9.297
4.952	9.375
4.953	9.297
4.952	9.297
4.952	9.297
4.953	9.375
4.952	9.297
4.952	9.375
4.952	9.375
4.952	9.375
4.952	9.375
4.953	9.375
4.952	9.375
4.952	9.297
4.952	9.375
4.952	9.375
4.952	9.453
4.952	9.375
4.953	9.375
4.953	9.297
4.953	9.297
4.952	9.375
4.952	9.375
4.952	9.297
4.952	9.453
4.952	9.453
4.952	9.375
4.953	9.453
4.953	9.453
4.953	9.453
4.953	9.453
4.953	9.453
4.953	9.375
4.953	9.453
4.953	9.453
4.953	9.453
4.953	9.453
4.954	9.453
4.954	9.453
4.953	9.531
4.953	9.453
4.953	9.453
4.954	9.531
4.954	9.375
4.954	9.531
4.954	9.531
4.954	9.531
4.954	9.531
4.954	9.531
4.955	9.531
4.955	9.531
4.954	9.531
4.955	9.531
4.955	9.609
4.955	9.609
4.955	9.453
4.955	9.531
4.955	9.531
4.955	9.531
4.955	9.609
4.956	9.609
4.956	9.531
4.956	9.609
4.956	9.609
4.956	9.609
4.956	9.609
4.957	9.609
4.957	9.531
4.956	9.609
4.957	9.609
4.956	9.609
4.956	9.609
4.957	9.531
4.957	9.609
4.958	9.531
4.957	9.687
4.957	9.609
4.958	9.531
4.957	9.609
4.958	9.687
4.958	9.687
4.958	9.687
4.958	9.687
4.958	9.687
4.958	9.687
4.959	9.687
4.959	9.687
4.958	9.687
4.959	9.687
4.958	9.609
4.958	9.687
4.959	9.609
4.959	9.687
4.960	9.766
4.960	9.609
4.959	9.687
4.960	9.766
4.960	9.687
4.959	9.766
4.959	9.766
4.960	9.766
4.960	9.766
4.960	9.687
4.960	9.687
4.960	9.766
4.960	9.766
4.960	9.687
4.960	9.766
4.960	9.766
4.960	9.766
4.961	9.766
4.961	9.844
4.960	9.766
4.960	9.766
4.961	9.766
4.961	9.766
4.961	9.766
4.961	9.844
4.961	9.844
4.961	9.844
4.961	9.844
4.961	9.844
4.961	9.844
4.961	9.844
4.962	9.844
4.962	9.844
4.962	9.766
4.962	9.844
4.962	9.844
4.962	9.844
4.962	9.844
4.962	9.844
4.962	9.844
4.962	9.844
4.962	9.844
4.962	9.844
4.961	9.922
4.962	9.844
4.961	9.922
4.962	9.922
4.962	9.922
4.962	9.922
4.962	9.922
4.962	9.922
4.962	9.922
4.962	9.922
4.963	9.922
4.963	9.922
4.963	9.922
4.963	9.922
4.962	9.922
4.962	9.844
4.962	9.922
4.963	9.922
4.963	9.922
4.963	9.922
4.963	9.922
4.962	9.922
4.963	10.000
4.964	10.000
4.963	10.000
4.963	10.000
4.963	10.000
4.963	10.000
4.963	10.000
4.963	10.000
4.963	10.000
4.964	10.000
4.963	10.000
4.964	9.922
4.964	10.000
4.964	10.000
4.964	10.000
4.963	10.000
4.963	10.078
4.964	10.078
4.964	10.000
4.964	10.078
4.964	10.078
4.964	10.078
4.964	10.078
4.964	10.078
4.964	10.078
4.965	10.078
4.965	10.078
4.965	10.078
4.964	10.078
4.965	10.078
4.964	10.078
4.965	10.078
4.964	10.078
4.965	10.156
4.965	10.078
4.965	10.156
4.965	10.078
4.966	10.156
4.965	10.156
4.965	10.156
4.965	10.156
4.965	10.156
4.965	10.156
4.964	10.156
4.965	10.078
4.965	10.156
4.965	10.156
4.965	10.156
4.965	10.078
4.965	10.156
4.965	10.234
4.964	10.156
4.965	10.078
4.965	10.156
4.965	10.156
4.965	10.234
4.965	10.156
4.965	10.156
4.965	10.234
4.965	10.234
4.965	10.234
4.965	10.156
4.965	10.234
4.965	10.234
4.965	10.234
4.965	10.234
4.965	10.234
4.964	10.234
4.965	10.234
4.966	10.234
4.966	10.234
4.965	10.312
4.965	10.312
4.965	10.312
4.965	10.312
4.965	10.234
4.965	10.312
4.965	10.312
4.965	10.312
4.965	10.312
4.965	10.312
4.965	10.312
4.965	10.312
4.965	10.312
4.965	10.312
4.965	10.312
4.965	10.312
4.965	10.312
4.965	10.312
4.965	10.391
4.965	10.312
4.965	10.312
4.965	10.312
4.964	10.312
4.964	10.312
4.964	10.312
4.964	10.312
4.965	10.391
4.965	10.312
4.965	10.391
4.965	10.391
4.965	10.391
4.965	10.391
4.965	10.391
4.964	10.391
4.964	10.391
4.965	10.469
4.964	10.469
4.964	10.469
4.964	10.391
4.965	10.469
4.965	10.391
4.964	10.391
4.965	10.391
4.965	10.391
4.964	10.469
4.964	10.469
4.964	10.469
4.965	10.469
4.965	10.469
4.965	10.469
4.964	10.469
4.965	10.547
4.965	10.469
4.965	10.469
4.965	10.469
4.965	10.469
4.965	10.469
4.965	10.469
4.966	10.469
4.965	10.469
4.965	10.547
4.965	10.547
4.965	10.547
4.965	10.469
4.965	10.547
4.965	10.547
4.965	10.547
4.966	10.547
4.966	10.547
4.966	10.547
4.966	10.547
4.966	10.547
4.965	10.625
4.965	10.547
4.965	10.547
4.965	10.547
4.965	10.547
4.965	10.547
4.965	10.625
4.966	10.625
4.966	10.625
4.966	10.625
4.965	10.625
4.966	10.547
4.965	10.625
4.966	10.625
4.966	10.625
4.965	10.625
4.965	10.547
4.966	10.625
4.966	10.625
4.966	10.625
4.966	10.625
4.966	10.625
4.966	10.625
4.966	10.703
4.965	10.703
4.966	10.625
4.965	10.625
4.965	10.703
4.965	10.703
4.965	10.703
4.965	10.703
4.966	10.703
4.965	10.703
4.965	10.703
4.965	10.703
4.965	10.703
4.965	10.703
4.965	10.703
